100 91 10
1 2
3 4
4 5
4 14
5 6
6 7
8 18
9 10
11 12
12 13
13 14
14 15
15 16
15 25
16 17
17 18
18 19
19 20
21 31
22 23
22 32
23 33
25 26
31 32
31 41
32 33
32 42
33 34
34 35
35 36
35 45
36 37
37 38
37 47
38 39
38 48
39 40
41 42
41 51
42 43
42 52
43 44
45 46
46 47
48 49
51 52
51 61
52 53
53 54
54 55
55 56
56 57
56 66
57 58
58 59
58 68
59 60
61 62
63 73
66 67
67 77
68 78
69 79
71 72
72 73
73 74
74 75
75 76
75 85
76 77
77 78
77 87
78 79
78 88
79 80
79 89
81 82
82 83
83 84
84 85
85 86
86 87
86 96
87 88
88 89
88 98
89 90
92 93
93 94
94 95
96 97
11 20
31 40
51 60
71 80
81 90
91 70
91 6
11 50
58 68
72 78
